55.944425,-3.188396,SE,55.944212867965646,-3.1881838679656442,0.0,248.75
55.944212867965646,-3.1881838679656442,N,55.94451286796565,-3.1881838679656442,63.775421544612854,247.8231837318418
55.94451286796565,-3.1881838679656442,ESE,55.94439806293594,-3.187906704105891,63.775421544612854,246.5731837318418
55.94439806293594,-3.187906704105891,E,55.94439806293594,-3.1876067041058906,105.6332542963224,319.93832396555007
55.94439806293594,-3.1876067041058906,S,55.944098062935936,-3.1876067041058906,105.6332542963224,318.68832396555007
55.944098062935936,-3.1876067041058906,SSE,55.94382089907618,-3.187491899076181,191.34032331402022,385.66009685781887
55.94382089907618,-3.187491899076181,ESE,55.94370609404647,-3.1872147352164277,242.90981076075553,484.79117049721253
55.94370609404647,-3.1872147352164277,E,55.94370609404647,-3.1869147352164275,242.90981076075553,483.54117049721253
55.94370609404647,-3.1869147352164275,W,55.94370609404647,-3.1872147352164277,242.90981076075553,482.29117049721253
55.94370609404647,-3.1872147352164277,SE,55.94349396201211,-3.187002603182072,242.90981076075553,481.04117049721253
55.94349396201211,-3.187002603182072,N,55.943793962012116,-3.187002603182072,242.90981076075553,479.79117049721253
55.943793962012116,-3.187002603182072,NE,55.94400609404647,-3.186790471147716,242.90981076075553,478.54117049721253
55.94400609404647,-3.186790471147716,SW,55.943793962012116,-3.187002603182072,242.90981076075553,477.29117049721253
55.943793962012116,-3.187002603182072,SE,55.94358182997776,-3.186790471147716,242.90981076075553,476.04117049721253
55.94358182997776,-3.186790471147716,ENE,55.94369663500747,-3.186513307287963,242.90981076075553,474.79117049721253
55.94369663500747,-3.186513307287963,ENE,55.94381144003718,-3.1862361434282094,319.50013800780926,496.3192167378632
55.94381144003718,-3.1862361434282094,E,55.94381144003718,-3.185936143428209,396.21409987934,613.6616962935052
55.94381144003718,-3.185936143428209,SSW,55.943534276177424,-3.1860509484579187,396.21409987934,612.4116962935052
55.943534276177424,-3.1860509484579187,SSW,55.94325711231767,-3.186165753487628,396.21409987934,611.1616962935052
55.94325711231767,-3.186165753487628,ESE,55.94314230728796,-3.185888589627875,396.21409987934,609.9116962935052
55.94314230728796,-3.185888589627875,SE,55.9429301752536,-3.185676457593519,396.21409987934,608.6616962935052
55.9429301752536,-3.185676457593519,W,55.9429301752536,-3.185976457593519,396.21409987934,607.4116962935052
55.9429301752536,-3.185976457593519,S,55.9426301752536,-3.185976457593519,396.21409987934,606.1616962935052
55.9426301752536,-3.185976457593519,NW,55.942842307287954,-3.186188589627875,396.21409987934,604.9116962935052
55.942842307287954,-3.186188589627875,SW,55.9426301752536,-3.1864007216622308,396.21409987934,603.6616962935052
55.9426301752536,-3.1864007216622308,NE,55.942842307287954,-3.186188589627875,396.21409987934,602.4116962935052
55.942842307287954,-3.186188589627875,ENE,55.942957112317664,-3.1859114257681216,396.21409987934,601.1616962935052
55.942957112317664,-3.1859114257681216,W,55.942957112317664,-3.1862114257681218,396.21409987934,599.9116962935052
55.942957112317664,-3.1862114257681218,ENE,55.943071917347375,-3.1859342619083684,396.21409987934,598.6616962935052
55.943071917347375,-3.1859342619083684,SE,55.94285978531302,-3.1857221298740126,396.21409987934,597.4116962935052
55.94285978531302,-3.1857221298740126,ESE,55.94274498028331,-3.185444966014259,396.21409987934,596.1616962935052
55.94274498028331,-3.185444966014259,NE,55.942957112317664,-3.1852328339799034,396.21409987934,594.9116962935052
55.942957112317664,-3.1852328339799034,SSW,55.94267994845791,-3.185347639009613,396.21409987934,593.6616962935052
55.94267994845791,-3.185347639009613,N,55.94297994845791,-3.185347639009613,396.21409987934,592.4116962935052
55.94297994845791,-3.185347639009613,E,55.94297994845791,-3.1850476390096127,396.21409987934,591.1616962935052
55.94297994845791,-3.1850476390096127,SSE,55.942702784598154,-3.1849328339799032,396.21409987934,589.9116962935052
55.942702784598154,-3.1849328339799032,W,55.942702784598154,-3.1852328339799034,396.21409987934,588.6616962935052
55.942702784598154,-3.1852328339799034,N,55.94300278459816,-3.1852328339799034,396.21409987934,587.4116962935052
55.94300278459816,-3.1852328339799034,W,55.94300278459816,-3.1855328339799036,396.21409987934,586.1616962935052
55.94300278459816,-3.1855328339799036,SSE,55.9427256207384,-3.185418028950194,396.21409987934,584.9116962935052
55.9427256207384,-3.185418028950194,NE,55.94293775277276,-3.1852058969158383,396.21409987934,583.6616962935052
55.94293775277276,-3.1852058969158383,N,55.94323775277276,-3.1852058969158383,396.21409987934,582.4116962935052
55.94323775277276,-3.1852058969158383,S,55.94293775277276,-3.1852058969158383,396.21409987934,581.1616962935052
55.94293775277276,-3.1852058969158383,NNW,55.94321491663251,-3.185320701945548,396.21409987934,579.9116962935052
55.94321491663251,-3.185320701945548,SE,55.94300278459816,-3.185108569911192,396.21409987934,578.6616962935052
55.94300278459816,-3.185108569911192,N,55.94330278459816,-3.185108569911192,396.21409987934,577.4116962935052
55.94330278459816,-3.185108569911192,S,55.94300278459816,-3.185108569911192,396.21409987934,576.1616962935052
55.94300278459816,-3.185108569911192,WNW,55.94311758962787,-3.1853857337709455,396.21409987934,574.9116962935052
55.94311758962787,-3.1853857337709455,W,55.94311758962787,-3.1856857337709457,396.21409987934,573.6616962935052
55.94311758962787,-3.1856857337709457,SE,55.94290545759351,-3.18547360173659,396.21409987934,572.4116962935052
55.94290545759351,-3.18547360173659,ENE,55.94302026262322,-3.1851964378768365,396.21409987934,571.1616962935052
55.94302026262322,-3.1851964378768365,NW,55.94323239465758,-3.1854085699111923,396.21409987934,569.9116962935052
55.94323239465758,-3.1854085699111923,E,55.94323239465758,-3.185108569911192,396.21409987934,568.6616962935052
55.94323239465758,-3.185108569911192,NE,55.943444526691934,-3.1848964378768363,396.21409987934,567.4116962935052
55.943444526691934,-3.1848964378768363,ENE,55.943559331721644,-3.184619274017083,514.0844775978544,643.2841154122306
55.943559331721644,-3.184619274017083,E,55.943559331721644,-3.1843192740170827,514.0844775978544,642.0341154122306
55.943559331721644,-3.1843192740170827,S,55.94325933172164,-3.1843192740170827,514.0844775978544,640.7841154122306
55.94325933172164,-3.1843192740170827,W,55.94325933172164,-3.184619274017083,514.0844775978544,639.5341154122306
55.94325933172164,-3.184619274017083,ESE,55.94314452669193,-3.1843421101573295,548.5842150035393,736.2308852513987
55.94314452669193,-3.1843421101573295,WNW,55.94325933172164,-3.184619274017083,548.5842150035393,734.9808852513987
55.94325933172164,-3.184619274017083,E,55.94325933172164,-3.1843192740170827,548.5842150035393,733.7308852513987
55.94325933172164,-3.1843192740170827,SSW,55.942982167861885,-3.184434079046792,548.5842150035393,732.4808852513987
55.942982167861885,-3.184434079046792,NNE,55.94325933172164,-3.1843192740170827,548.5842150035393,731.2308852513987
55.94325933172164,-3.1843192740170827,NNW,55.9435364955814,-3.184434079046792,548.5842150035393,729.9808852513987
55.9435364955814,-3.184434079046792,NNW,55.943813659441155,-3.1845488840765017,548.5842150035393,728.7308852513987
55.943813659441155,-3.1845488840765017,SW,55.9436015274068,-3.1847610161108575,548.5842150035393,727.4808852513987
55.9436015274068,-3.1847610161108575,NNW,55.943878691266555,-3.184875821140567,548.5842150035393,726.2308852513987
55.943878691266555,-3.184875821140567,NNW,55.94415585512631,-3.1849906261702765,548.5842150035393,724.9808852513987
55.94415585512631,-3.1849906261702765,E,55.94415585512631,-3.1846906261702763,548.5842150035393,723.7308852513987
55.94415585512631,-3.1846906261702763,W,55.94415585512631,-3.1849906261702765,548.5842150035393,722.4808852513987
55.94415585512631,-3.1849906261702765,NNW,55.94443301898607,-3.185105431199986,548.5842150035393,721.2308852513987
55.94443301898607,-3.185105431199986,S,55.944133018986065,-3.185105431199986,548.5842150035393,719.9808852513987
55.944133018986065,-3.185105431199986,SSW,55.94385585512631,-3.1852202362296955,548.5842150035393,718.7308852513987
55.94385585512631,-3.1852202362296955,WSW,55.9437410500966,-3.185497400089449,548.5842150035393,717.4808852513987
55.9437410500966,-3.185497400089449,SE,55.94352891806224,-3.185285268055093,548.5842150035393,716.2308852513987
55.94352891806224,-3.185285268055093,E,55.94352891806224,-3.184985268055093,548.5842150035393,714.9808852513987
55.94352891806224,-3.184985268055093,NNE,55.943806081922,-3.1848704630253835,548.5842150035393,713.7308852513987
55.943806081922,-3.1848704630253835,ESE,55.94369127689229,-3.18459329916563,548.5842150035393,712.4808852513987
55.94369127689229,-3.18459329916563,SSE,55.94341411303253,-3.1844784941359205,548.5842150035393,711.2308852513987
55.94341411303253,-3.1844784941359205,WSW,55.94329930800282,-3.184755657995674,548.5842150035393,709.9808852513987
55.94329930800282,-3.184755657995674,SE,55.943087175968465,-3.184543525961318,548.5842150035393,708.7308852513987
55.943087175968465,-3.184543525961318,SSW,55.94281001210871,-3.1846583309910277,548.5842150035393,707.4808852513987
55.94281001210871,-3.1846583309910277,E,55.94281001210871,-3.1843583309910275,548.5842150035393,706.2308852513987
55.94281001210871,-3.1843583309910275,NNW,55.943087175968465,-3.184473136020737,548.5842150035393,704.9808852513987
55.943087175968465,-3.184473136020737,NNW,55.94336433982822,-3.1845879410504465,548.5842150035393,703.7308852513987
55.94336433982822,-3.1845879410504465,SE,55.943152207793865,-3.1843758090160907,548.5842150035393,702.4808852513987
55.943152207793865,-3.1843758090160907,SSW,55.94287504393411,-3.1844906140458002,548.5842150035393,701.2308852513987
55.94287504393411,-3.1844906140458002,WSW,55.9427602389044,-3.1847677779055537,548.5842150035393,699.9808852513987
55.9427602389044,-3.1847677779055537,E,55.9427602389044,-3.1844677779055535,548.5842150035393,698.7308852513987
55.9427602389044,-3.1844677779055535,WSW,55.94264543387469,-3.184744941765307,548.5842150035393,697.4808852513987
55.94264543387469,-3.184744941765307,NW,55.942857565909044,-3.1849570737996626,548.5842150035393,696.2308852513987
55.942857565909044,-3.1849570737996626,SW,55.94264543387469,-3.1851692058340184,548.5842150035393,694.9808852513987
55.94264543387469,-3.1851692058340184,E,55.94264543387469,-3.1848692058340182,548.5842150035393,693.7308852513987
55.94264543387469,-3.1848692058340182,WNW,55.9427602389044,-3.1851463696937716,548.5842150035393,692.4808852513987
55.9427602389044,-3.1851463696937716,E,55.9427602389044,-3.1848463696937714,548.5842150035393,691.2308852513987
55.9427602389044,-3.1848463696937714,ESE,55.94264543387469,-3.184569205834018,548.5842150035393,689.9808852513987
55.94264543387469,-3.184569205834018,WNW,55.9427602389044,-3.1848463696937714,548.5842150035393,688.7308852513987
55.9427602389044,-3.1848463696937714,ESE,55.94264543387469,-3.184569205834018,548.5842150035393,687.4808852513987
55.94264543387469,-3.184569205834018,W,55.94264543387469,-3.1848692058340182,548.5842150035393,686.2308852513987
55.94264543387469,-3.1848692058340182,NW,55.942857565909044,-3.185081337868374,548.5842150035393,684.9808852513987
55.942857565909044,-3.185081337868374,N,55.94315756590905,-3.185081337868374,548.5842150035393,683.7308852513987
55.94315756590905,-3.185081337868374,NW,55.9433696979434,-3.1852934699027298,548.5842150035393,682.4808852513987
55.9433696979434,-3.1852934699027298,NW,55.94358182997776,-3.1855056019370855,548.5842150035393,681.2308852513987
55.94358182997776,-3.1855056019370855,SSW,55.943304666118,-3.185620406966795,548.5842150035393,679.9808852513987
55.943304666118,-3.185620406966795,SSE,55.943027502258246,-3.1855056019370855,548.5842150035393,678.7308852513987
55.943027502258246,-3.1855056019370855,S,55.94272750225824,-3.1855056019370855,548.5842150035393,677.4808852513987
55.94272750225824,-3.1855056019370855,E,55.94272750225824,-3.1852056019370854,548.5842150035393,676.2308852513987
55.94272750225824,-3.1852056019370854,N,55.943027502258246,-3.1852056019370854,548.5842150035393,674.9808852513987
55.943027502258246,-3.1852056019370854,ESE,55.942912697228536,-3.184928438077332,548.5842150035393,673.7308852513987
55.942912697228536,-3.184928438077332,SSE,55.94263553336878,-3.1848136330476224,548.5842150035393,672.4808852513987
55.94263553336878,-3.1848136330476224,E,55.94263553336878,-3.1845136330476222,548.5842150035393,671.2308852513987
55.94263553336878,-3.1845136330476222,NNE,55.942912697228536,-3.1843988280179127,548.5842150035393,669.9808852513987
55.942912697228536,-3.1843988280179127,W,55.942912697228536,-3.184698828017913,548.5842150035393,668.7308852513987
55.942912697228536,-3.184698828017913,NNW,55.94318986108829,-3.1848136330476224,548.5842150035393,667.4808852513987
55.94318986108829,-3.1848136330476224,S,55.94288986108829,-3.1848136330476224,548.5842150035393,666.2308852513987
55.94288986108829,-3.1848136330476224,ESE,55.94277505605858,-3.184536469187869,548.5842150035393,664.9808852513987
55.94277505605858,-3.184536469187869,W,55.94277505605858,-3.1848364691878692,548.5842150035393,663.7308852513987
55.94277505605858,-3.1848364691878692,NE,55.942987188092935,-3.1846243371535135,548.5842150035393,662.4808852513987
55.942987188092935,-3.1846243371535135,NW,55.94319932012729,-3.1848364691878692,548.5842150035393,661.2308852513987
55.94319932012729,-3.1848364691878692,SW,55.942987188092935,-3.185048601222225,548.5842150035393,659.9808852513987
55.942987188092935,-3.185048601222225,NNE,55.94326435195269,-3.1849337961925155,548.5842150035393,658.7308852513987
55.94326435195269,-3.1849337961925155,S,55.94296435195269,-3.1849337961925155,548.5842150035393,657.4808852513987
55.94296435195269,-3.1849337961925155,ESE,55.94284954692298,-3.184656632332762,548.5842150035393,656.2308852513987
55.94284954692298,-3.184656632332762,ESE,55.94273474189327,-3.1843794684730087,548.5842150035393,654.9808852513987
55.94273474189327,-3.1843794684730087,WSW,55.94261993686356,-3.184656632332762,548.5842150035393,653.7308852513987
55.94261993686356,-3.184656632332762,WNW,55.94273474189327,-3.1849337961925155,548.5842150035393,652.4808852513987
55.94273474189327,-3.1849337961925155,NW,55.942946873927625,-3.1851459282268713,548.5842150035393,651.2308852513987
55.942946873927625,-3.1851459282268713,NE,55.94315900596198,-3.1849337961925155,548.5842150035393,649.9808852513987
55.94315900596198,-3.1849337961925155,N,55.943459005961984,-3.1849337961925155,548.5842150035393,648.7308852513987
55.943459005961984,-3.1849337961925155,NW,55.94367113799634,-3.1851459282268713,548.5842150035393,647.4808852513987
55.94367113799634,-3.1851459282268713,N,55.94397113799634,-3.1851459282268713,548.5842150035393,646.2308852513987
55.94397113799634,-3.1851459282268713,SSE,55.943693974136586,-3.1850311231971618,548.5842150035393,644.9808852513987
55.943693974136586,-3.1850311231971618,N,55.94399397413659,-3.1850311231971618,548.5842150035393,643.7308852513987
55.94399397413659,-3.1850311231971618,WNW,55.9441087791663,-3.185308287056915,548.5842150035393,642.4808852513987
55.9441087791663,-3.185308287056915,WSW,55.94399397413659,-3.1855854509166686,548.5842150035393,641.2308852513987
55.94399397413659,-3.1855854509166686,WNW,55.9441087791663,-3.185862614776422,548.5842150035393,639.9808852513987
55.9441087791663,-3.185862614776422,WSW,55.94399397413659,-3.1861397786361754,548.5842150035393,638.7308852513987
55.94399397413659,-3.1861397786361754,SW,55.94378184210223,-3.186351910670531,548.5842150035393,637.4808852513987
55.94378184210223,-3.186351910670531,NW,55.94399397413659,-3.186564042704887,548.5842150035393,636.2308852513987
55.94399397413659,-3.186564042704887,NW,55.944206106170945,-3.1867761747392427,548.5842150035393,634.9808852513987
55.944206106170945,-3.1867761747392427,NW,55.9444182382053,-3.1869883067735985,643.5624820810874,683.5994650393397
55.9444182382053,-3.1869883067735985,WSW,55.94430343317559,-3.187265470633352,643.5624820810874,682.3494650393397
55.94430343317559,-3.187265470633352,NW,55.94451556520995,-3.1874776026677076,643.5624820810874,681.0994650393397
55.94451556520995,-3.1874776026677076,SSE,55.94423840135019,-3.187362797637998,643.5624820810874,679.8494650393397
55.94423840135019,-3.187362797637998,W,55.94423840135019,-3.1876627976379983,643.5624820810874,678.5994650393397
55.94423840135019,-3.1876627976379983,N,55.944538401350194,-3.1876627976379983,643.5624820810874,677.3494650393397
55.944538401350194,-3.1876627976379983,NNW,55.94481556520995,-3.187777602667708,643.5624820810874,676.0994650393397
55.94481556520995,-3.187777602667708,NNW,55.94509272906971,-3.1878924076974173,643.5624820810874,674.8494650393397
55.94509272906971,-3.1878924076974173,WSW,55.944977924039996,-3.1881695715571707,643.5624820810874,673.5994650393397
55.944977924039996,-3.1881695715571707,SSW,55.94470076018024,-3.1882843765868802,643.5624820810874,672.3494650393397
55.94470076018024,-3.1882843765868802,NNE,55.944977924039996,-3.1881695715571707,643.5624820810874,671.0994650393397
55.944977924039996,-3.1881695715571707,ENE,55.94509272906971,-3.1878924076974173,643.5624820810874,669.8494650393397
55.94509272906971,-3.1878924076974173,E,55.94509272906971,-3.187592407697417,643.5624820810874,668.5994650393397
55.94509272906971,-3.187592407697417,WNW,55.94520753409942,-3.1878695715571705,643.5624820810874,667.3494650393397
55.94520753409942,-3.1878695715571705,ENE,55.94532233912913,-3.187592407697417,643.5624820810874,666.0994650393397
55.94532233912913,-3.187592407697417,NNE,55.945599502988884,-3.1874776026677076,643.5624820810874,664.8494650393397
55.945599502988884,-3.1874776026677076,S,55.94529950298888,-3.1874776026677076,643.5624820810874,663.5994650393397
55.94529950298888,-3.1874776026677076,SW,55.945087370954525,-3.1876897347020634,643.5624820810874,662.3494650393397
55.945087370954525,-3.1876897347020634,NE,55.94529950298888,-3.1874776026677076,643.5624820810874,661.0994650393397
55.94529950298888,-3.1874776026677076,NNE,55.94557666684864,-3.187362797637998,643.5624820810874,659.8494650393397
55.94557666684864,-3.187362797637998,NNW,55.945853830708394,-3.1874776026677076,643.5624820810874,658.5994650393397
55.945853830708394,-3.1874776026677076,SSE,55.94557666684864,-3.187362797637998,643.5624820810874,657.3494650393397
55.94557666684864,-3.187362797637998,SW,55.94536453481428,-3.187574929672354,643.5624820810874,656.0994650393397
55.94536453481428,-3.187574929672354,SE,55.945152402779925,-3.187362797637998,643.5624820810874,654.8494650393397
55.945152402779925,-3.187362797637998,SE,55.94494027074557,-3.1871506656036424,643.5624820810874,653.5994650393397
55.94494027074557,-3.1871506656036424,SSE,55.94466310688581,-3.187035860573933,643.5624820810874,652.3494650393397
55.94466310688581,-3.187035860573933,S,55.94436310688581,-3.187035860573933,643.5624820810874,651.0994650393397
55.94436310688581,-3.187035860573933,NNE,55.944640270745566,-3.1869210555442233,643.5624820810874,649.8494650393397
55.944640270745566,-3.1869210555442233,N,55.94494027074557,-3.1869210555442233,643.5624820810874,648.5994650393397
55.94494027074557,-3.1869210555442233,W,55.94494027074557,-3.1872210555442235,643.5624820810874,647.3494650393397
55.94494027074557,-3.1872210555442235,NW,55.945152402779925,-3.1874331875785793,643.5624820810874,646.0994650393397
55.945152402779925,-3.1874331875785793,WNW,55.945267207809636,-3.1877103514383327,643.5624820810874,644.8494650393397
55.945267207809636,-3.1877103514383327,NE,55.94547933984399,-3.187498219403977,643.5624820810874,643.5994650393397
55.94547933984399,-3.187498219403977,SSE,55.945202175984235,-3.1873834143742674,643.5624820810874,642.3494650393397
55.945202175984235,-3.1873834143742674,E,55.945202175984235,-3.1870834143742672,643.5624820810874,641.0994650393397
55.945202175984235,-3.1870834143742672,WSW,55.945087370954525,-3.1873605782340206,643.5624820810874,639.8494650393397
55.945087370954525,-3.1873605782340206,WSW,55.944972565924814,-3.187637742093774,643.5624820810874,638.5994650393397
55.944972565924814,-3.187637742093774,SE,55.94476043389046,-3.1874256100594183,643.5624820810874,637.3494650393397
55.94476043389046,-3.1874256100594183,S,55.944460433890455,-3.1874256100594183,643.5624820810874,636.0994650393397
55.944460433890455,-3.1874256100594183,SSW,55.9441832700307,-3.1875404150891278,643.5624820810874,634.8494650393397
55.9441832700307,-3.1875404150891278,NE,55.944395402065055,-3.187328283054772,643.5624820810874,633.5994650393397
55.944395402065055,-3.187328283054772,W,55.944395402065055,-3.187628283054772,643.5624820810874,632.3494650393397
55.944395402065055,-3.187628283054772,SSE,55.9441182382053,-3.1875134780250627,643.5624820810874,631.0994650393397
55.9441182382053,-3.1875134780250627,NNW,55.944395402065055,-3.187628283054772,643.5624820810874,629.8494650393397
55.944395402065055,-3.187628283054772,NNE,55.94467256592481,-3.1875134780250627,643.5624820810874,628.5994650393397
55.94467256592481,-3.1875134780250627,NNE,55.94494972978457,-3.187398672995353,643.5624820810874,627.3494650393397
55.94494972978457,-3.187398672995353,NNW,55.945226893644325,-3.1875134780250627,643.5624820810874,626.0994650393397
55.945226893644325,-3.1875134780250627,W,55.945226893644325,-3.187813478025063,643.5624820810874,624.8494650393397
55.945226893644325,-3.187813478025063,WSW,55.945112088614614,-3.1880906418848163,643.5624820810874,623.5994650393397
55.945112088614614,-3.1880906418848163,NW,55.94532422064897,-3.188302773919172,643.5624820810874,622.3494650393397
55.94532422064897,-3.188302773919172,WSW,55.94520941561926,-3.1885799377789255,643.5624820810874,621.0994650393397
55.94520941561926,-3.1885799377789255,ESE,55.94509461058955,-3.188302773919172,643.5624820810874,619.8494650393397
55.94509461058955,-3.188302773919172,N,55.94539461058955,-3.188302773919172,643.5624820810874,618.5994650393397
55.94539461058955,-3.188302773919172,N,55.945694610589555,-3.188302773919172,643.5624820810874,617.3494650393397
55.945694610589555,-3.188302773919172,NE,55.94590674262391,-3.1880906418848163,660.4507452832239,705.7374103205336
55.94590674262391,-3.1880906418848163,WSW,55.9457919375942,-3.1883678057445697,763.1082908890802,784.2500978607438
55.9457919375942,-3.1883678057445697,ENE,55.94590674262391,-3.1880906418848163,763.1082908890802,783.0000978607438
55.94590674262391,-3.1880906418848163,S,55.94560674262391,-3.1880906418848163,763.1082908890802,781.7500978607438
55.94560674262391,-3.1880906418848163,NW,55.945818874658265,-3.188302773919172,763.1082908890802,780.5000978607438
55.945818874658265,-3.188302773919172,NE,55.94603100669262,-3.1880906418848163,763.1082908890802,779.2500978607438
55.94603100669262,-3.1880906418848163,ENE,55.94614581172233,-3.187813478025063,763.1082908890802,778.0000978607438
55.94614581172233,-3.187813478025063,SE,55.945933679687975,-3.187601345990707,763.1082908890802,776.7500978607438
55.945933679687975,-3.187601345990707,E,55.945933679687975,-3.187301345990707,763.1082908890802,775.5000978607438
55.945933679687975,-3.187301345990707,S,55.94563367968797,-3.187301345990707,763.1082908890802,774.2500978607438
55.94563367968797,-3.187301345990707,SSW,55.945356515828216,-3.1874161510204164,763.1082908890802,773.0000978607438
55.945356515828216,-3.1874161510204164,ENE,55.945471320857926,-3.187138987160663,763.1082908890802,771.7500978607438
55.945471320857926,-3.187138987160663,ESE,55.945356515828216,-3.1868618233009096,763.1082908890802,770.5000978607438
55.945356515828216,-3.1868618233009096,SSW,55.94507935196846,-3.186976628330619,763.1082908890802,769.2500978607438
55.94507935196846,-3.186976628330619,NNE,55.945356515828216,-3.1868618233009096,763.1082908890802,768.0000978607438
55.945356515828216,-3.1868618233009096,E,55.945356515828216,-3.1865618233009094,763.1082908890802,766.7500978607438
55.945356515828216,-3.1865618233009094,N,55.94565651582822,-3.1865618233009094,763.1082908890802,765.5000978607438
55.94565651582822,-3.1865618233009094,SE,55.94544438379386,-3.1863496912665537,763.1082908890802,764.2500978607438
55.94544438379386,-3.1863496912665537,W,55.94544438379386,-3.186649691266554,763.1082908890802,763.0000978607438
55.94544438379386,-3.186649691266554,ESE,55.94532957876415,-3.1863725274068004,763.1082908890802,761.7500978607438
55.94532957876415,-3.1863725274068004,E,55.94532957876415,-3.1860725274068002,763.1082908890802,760.5000978607438
55.94532957876415,-3.1860725274068002,WSW,55.94521477373444,-3.1863496912665537,763.1082908890802,759.2500978607438
55.94521477373444,-3.1863496912665537,NW,55.9454269057688,-3.1865618233009094,763.1082908890802,758.0000978607438
55.9454269057688,-3.1865618233009094,E,55.9454269057688,-3.1862618233009092,763.1082908890802,756.7500978607438
55.9454269057688,-3.1862618233009092,WSW,55.94531210073909,-3.1865389871606626,763.1082908890802,755.5000978607438
55.94531210073909,-3.1865389871606626,SW,55.94509996870473,-3.1867511191950184,763.1082908890802,754.2500978607438
55.94509996870473,-3.1867511191950184,ENE,55.94521477373444,-3.186473955335265,763.1082908890802,753.0000978607438
55.94521477373444,-3.186473955335265,NNW,55.9454919375942,-3.1865887603649745,763.1082908890802,751.7500978607438
55.9454919375942,-3.1865887603649745,SW,55.94527980555984,-3.1868008923993303,763.1082908890802,750.5000978607438
55.94527980555984,-3.1868008923993303,NNE,55.9455569694196,-3.186686087369621,763.1082908890802,749.2500978607438
55.9455569694196,-3.186686087369621,SE,55.94534483738524,-3.186473955335265,763.1082908890802,748.0000978607438
55.94534483738524,-3.186473955335265,NNW,55.945622001245,-3.1865887603649745,763.1082908890802,746.7500978607438
55.945622001245,-3.1865887603649745,SSE,55.94534483738524,-3.186473955335265,763.1082908890802,745.5000978607438
55.94534483738524,-3.186473955335265,S,55.94504483738524,-3.186473955335265,763.1082908890802,744.2500978607438
55.94504483738524,-3.186473955335265,NNW,55.945322001244996,-3.1865887603649745,763.1082908890802,743.0000978607438
55.945322001244996,-3.1865887603649745,ENE,55.94543680627471,-3.186311596505221,763.1082908890802,741.7500978607438
55.94543680627471,-3.186311596505221,SSW,55.94515964241495,-3.1864264015349306,763.1082908890802,740.5000978607438
55.94515964241495,-3.1864264015349306,S,55.94485964241495,-3.1864264015349306,763.1082908890802,739.2500978607438
55.94485964241495,-3.1864264015349306,WNW,55.94497444744466,-3.186703565394684,763.1082908890802,738.0000978607438
55.94497444744466,-3.186703565394684,ENE,55.94508925247437,-3.1864264015349306,763.1082908890802,736.7500978607438
55.94508925247437,-3.1864264015349306,ESE,55.94497444744466,-3.186149237675177,763.1082908890802,735.5000978607438
55.94497444744466,-3.186149237675177,ESE,55.94485964241495,-3.185872073815424,784.3240735035582,750.3372983555639
55.94485964241495,-3.185872073815424,SW,55.94464751038059,-3.1860842058497796,784.3240735035582,749.0872983555639
55.94464751038059,-3.1860842058497796,SW,55.944435378346235,-3.1862963378841354,784.3240735035582,747.8372983555639
55.944435378346235,-3.1862963378841354,SE,55.94422324631188,-3.1860842058497796,784.3240735035582,746.5872983555639
55.94422324631188,-3.1860842058497796,NNW,55.944500410171635,-3.186199010879489,784.3240735035582,745.3372983555639
55.944500410171635,-3.186199010879489,SSW,55.94422324631188,-3.1863138159091986,784.3240735035582,744.0872983555639
55.94422324631188,-3.1863138159091986,NW,55.944435378346235,-3.1865259479435544,784.3240735035582,742.8372983555639
55.944435378346235,-3.1865259479435544,NNW,55.94471254220599,-3.186640752973264,784.3240735035582,741.5872983555639
55.94471254220599,-3.186640752973264,SSE,55.944435378346235,-3.1865259479435544,784.3240735035582,740.3372983555639
55.944435378346235,-3.1865259479435544,N,55.94473537834624,-3.1865259479435544,784.3240735035582,739.0872983555639
55.94473537834624,-3.1865259479435544,W,55.94473537834624,-3.1868259479435546,784.3240735035582,737.8372983555639
55.94473537834624,-3.1868259479435546,S,55.944435378346235,-3.1868259479435546,784.3240735035582,736.5872983555639
55.944435378346235,-3.1868259479435546,ESE,55.944320573316524,-3.186548784083801,784.3240735035582,735.3372983555639
55.944320573316524,-3.186548784083801,E,55.944320573316524,-3.186248784083801,784.3240735035582,734.0872983555639
55.944320573316524,-3.186248784083801,S,55.94402057331652,-3.186248784083801,784.3240735035582,732.8372983555639
